0
1
2
4
5
6
8
10
12
13
14
16
19
20
21
22
23
25
26
27
28
31
32
33
35
36
38
40
41
42
43
44
45
46
49
50
51
54
55
56
57
58
60
61
63
65
66
67
68
69
70
71
72
73
76
77
79
81
82
83
84
86
89
90
92
93
95
96
98
99
103
106
107
109
112
113
115
116
117
119
121
122
123
124
127
129
130
131
133
134
135
137
138
141
142
143
144
145
146
148
149
150
151
152
153
156
157
158
159
160
161
162
163
166
168
169
170
171
172
173
174
175
177
178
179
180
181
183
184
185
186
187
189
190
191
192
193
194
195
197
199
201
203
204
205
206
207
208
209
210
211
212
213
214
219
220
221
222
224
225
226
227
230
232
233
234
236
237
239
241
243
244
245
248
251
255
256
257
258
259
261
262
263
264
266
267
268
269
270
276
277
278
279
280
281
282
283
286
288
291
292
293
295
297
298
299
301
302
303
304
306
309
310
311
312
313
314
315
316
318
319
321
322
324
325
326
327
328
329
335
337
338
340
341
342
343
344
345
346
348
349
350
353
355
356
357
359
360
361
362
363
365
366
368
370
371
376
377
378
380
382
383
384
386
387
388
389
390
392
393
395
396
397
398
399
400
401
402
403
404
405
406
407
408
409
410
412
413
414
416
417
418
419
420
425
427
429
430
434
435
436
438
439
441
442
445
447
448
450
451
452
453
455
456
457
458
460
463
465
467
468
474
476
478
481
484
485
487
488
489
490
491
492
493
494
495
498
499
504
505
507
508
510
511
512
513
514
515
518
522
524
525
526
527
528
530
533
534
535
536
537
540
541
542
546
547
548
549
550
551
556
557
559
560
561
566
568
569
570
571
572
573
574
575
577
578
579
580
581
582
583
584
586
588
589
590
591
593
594
595
596
600
601
604
605
606
609
610
611
613
615
618
619
621
622
623
627
628
629
631
632
635
636
637
638
639
641
642
644
645
646
647
648
650
651
652
653
656
657
658
659
660
665
666
668
669
670
671
673
674
675
676
677
678
679
680
682
683
685
686
687
690
692
693
696
699
702
703
704
705
706
708
710
711
712
713
715
718
719
720
721
722
723
724
725
726
727
728
729
730
731
734
736
740
743
744
745
746
748
751
753
754
756
758
759
760
762
763
764
772
773
774
777
778
779
781
783
785
786
789
791
792
793
795
796
797
798
799
800
801
802
803
805
806
807
809
811
812
813
814
815
816
818
819
820
821
822
823
824
825
826
827
828
829
833
834
835
838
840
842
843
845
846
847
848
849
851
852
853
855
856
857
858
859
861
862
866
870
871
872
873
875
876
877
879
880
882
884
885
886
887
891
893
895
897
900
903
904
907
908
911
914
915
916
917
919
920
922
924
925
926
927
928
929
930
931
932
935
940
941
942
943
944
945
949
950
951
952
953
954
955
957
958
959
961
962
963
964
965
966
968
969
970
971
972
973
974
975
976
977
978
979
981
982
983
984
985
986
988
990
994
995
996
997
1001
1002
1004
1005
1006
1007
1009
1010
1011
1012
1013
1014
1015
1018
1021
1025
1027
1028
1029
1030
1032
1033
1034
1035
1039
1040
1042
1045
1047
1048
1049
1052
1053
1054
1055
1057
1059
1060
1061
1062
1066
1067
1068
1069
1070
1071
1072
1073
1074
1075
1077
1078
1079
1081
1089
1090
1091
1096
1097
1098
1100
1101
1102
1103
1104
1106
1108
1111
1112
1113
1116
1117
1119
1120
1121
1122
1123
1124
1127
1128
1129
1130
1133
1134
1135
1136
1137
1138
1139
1140
1141
1144
1146
1147
1148
1149
1150
1151
1152
1153
1154
1155
1156
1159
1160
1161
1163
1168
1169
1171
1172
1174
1175
1176
1178
1179
1180
1181
1183
1188
1189
1191
1193
1194
1195
1197
1198
1204
1205
1207
1209
1210
1212
1214
1215
1216
1217
1218
1219
1222
1223
1224
1225
1228
1229
1231
1232
1236
1237
1238
1239
1240
1241
1242
1246
1248
1249
1250
1251
1254
1257
1258
1261
1262
1263
1264
1265
1266
1267
1268
1270
1272
1273
1274
1278
1279
1280
1282
1283
1284
1285
1286
1287
1288
1291
1292
1297
1299
1300
1301
1302
1303
1305
1307
1308
1310
1311
1313
1314
1315
1317
1320
1321
1322
1323
1325
1326
1327
1331
1333
1334
1336
1337
1338
1341
1343
1345
1346
1347
1349
1352
1353
1355
1356
1357
1358
1359
1360
1361
1365
1366
1367
1368
1369
1371
1373
1374
1375
1376
1378
1379
1381
1383
1384
1385
1386
1387
1388
1390
1391
1392
1394
1395
1396
1397
1398
1399
1400
1401
1403
1404
1405
1406
1409
1410
1413
1414
1415
1418
1419
1421
1422
1423
1426
1427
1428
1429
1430
1433
1434
1435
1436
1438
1439
1441
1442
1443
1444
1445
1446
1447
1448
1450
1451
1452
1453
1454
1455
1456
1458
1461
1462
1463
1464
1465
1466
1467
1468
1469
1471
1472
1473
1475
1477
1478
1479
1480
1481
1482
1483
1484
1485
1486
1487
1489
1490
1492
1494
1497
1499
1500
1501
1502
1503
1504
1505
1506
1507
1509
1510
1511
1513
1514
1515
1517
1518
1519
1520
1522
1524
1525
1526
1527
1529
1531
1532
1534
1535
1536
1537
1538
1539
1541
1542
1543
1546
1548
1550
1552
1554
1556
1557
1559
1560
1561
1563
1566
1567
1570
1572
1574
1575
1576
1577
1578
1579
1581
1582
1583
1585
1586
1587
1588
1589
1591
1593
1594
1596
1599
1600
1601
1602
1605
1606
1607
1610
1618
1619
1621
1622
1624
1625
1626
1627
1628
1629
1631
1632
1633
1634
1636
1637
1638
1639
1640
1641
1642
1644
1645
1646
1647
1649
1650
1651
1652
1653
1654
1655
1657
1658
1659
1661
1662
1663
1664
1666
1668
1669
1670
1680
1681
1682
1683
1685
1686
1688
1689
1691
1692
1693
1695
1696
1699
1700
1703
1705
1707
1708
1709
1710
1711
1712
1713
1714
1715
1718
1719
1720
1721
1722
1723
1724
1727
1729
1730
1731
1732
1733
1734
1736
1737
1738
1739
1740
1741
1742
1744
1745
1747
1748
1750
1753
1754
1755
1756
1757
1758
1759
1760
1761
1762
1765
1767
1768
1769
1770
1771
1772
1773
1774
1775
1776
1777
1779
1780
1781
1782
1783
1784
1785
1786
1787
1788
1789
1792
1794
1797
1798
1799
1800
1801
1802
1804
1805
1806
1807
1808
1809
1810
1814
1816
1817
1818
1819
1820
1821
1823
1824
1826
1827
1828
1829
1830
1831
1832
1833
1835
1836
1837
1839
1840
1841
1843
1844
1845
1846
1847
1849
1850
1851
1854
1855
1856
1858
1859
1860
1861
1862
1863
1865
1867
1868
1869
1870
1871
1872
1873
1875
1876
1877
1878
1879
1880
1881
1882
1883
1886
1888
1889
1891
1892
1893
1896
1900
1901
1904
1905
1906
1908
1911
1912
1913
1914
1916
1917
1918
1919
1922
1923
1924
1925
1928
1929
1930
1933
1934
1935
1936
1937
1938
1942
1945
1946
1947
1948
1951
1952
1953
1955
1957
1962
1963
1964
1965
1968
1969
1971
1974
1975
1976
1977
1978
1980
1983
1984
1985
1987
1988
1990
1992
1993
1995
1996
1998
2000
2001
2004
2005
2006
2007
2008
2010
2015
2016
2017